1	1	1718878719	0	11012	7	23	龟裂的地下道
2	2	1718878720	0	11017	16	10	牛鬼的洞窟
3	3	1718871521	0	1538	15	18	城内的地下迷宫
4	4	1718878721	0	15511	1	8	暖炉之底
5	5	1718878722	0	15502	10	6	黑暗医生的洞窟
6	6	1718878723	0	666	73	2	海贼的洞窟
7	7	1718871523	0	1405	34	61	迷宫里的通道
8	8	1718871523	0	100	639	281	霞之洞窟
12	12	1718867926	0	15543	13	23	水之迷宫
10	10	1718867925	0	15543	13	16	水之迷宫
11	11	1718867925	0	15543	15	11	水之迷宫
13	13	1718867926	0	11034	6	5	土之迷宫
14	14	1718867926	0	11034	26	49	土之迷宫
15	15	1718867926	0	11034	18	73	土之迷宫
0	17	1718875127	0	100	660	136	森林
104	19	1718878729	0	100	542	36	奇怪的洞窟
105	20	1718878730	0	100	380	353	布满青苔的洞窟
107	21	1718871530	0	100	246	210	迷路之穴
108	22	1718878731	0	15579	25	15	白龙城
109	23	1718878733	0	15578	24	26	黑龙城
110	24	1718878733	0	15583	25	15	白龙城
111	25	1718878734	0	15584	24	26	黑龙城
112	26	1718878735	0	15595	25	4	炎之洞窟
113	27	1718878735	0	15596	10	74	炎之洞窟
114	28	1718878736	0	15596	85	38	炎之洞窟
200	29	1718878737	0	5004	61	56	传送石
201	30	1718878738	0	5004	59	26	传送石
202	31	1718893139	0	5004	38	22	传送石
203	32	1718893140	0	5004	19	26	传送石
204	33	1718907541	0	5004	16	56	传送石
300	34	1718878742	0	15517	8	38	阿鲁巴斯的洞窟
301	35	1718878742	0	16507	14	14	黑色的祈祷
302	36	1718878743	0	23003	42	21	罗连斯研究塔
303	37	1718885944	0	300	624	326	砂漠之祠
304	38	1718878745	0	3355	11	5	砂尘的洞窟
305	39	1718878745	0	15525	23	5	峡之洞窟
306	40	1718878747	0	15526	91	7	峡之洞窟
307	41	1718878747	0	15564	23	5	风之洞窟
308	42	1718878748	0	15566	10	8	风之洞窟
309	43	1718875149	0	15568	58	45	迷路的龙之巢
400	44	1718878750	0	16510	25	7	贝兹雷姆的迷宫
401	45	1718878750	0	4402	16	13	科学家的牢房
402	46	1718878751	0	402	84	193	积雪的山路
403	47	1718875152	0	16521	10	13	蜥蜴之巢
404	48	1718878753	0	400	362	364	奇怪的坑道
406	49	1718878755	0	15536	21	8	永久冻土
407	50	1718878756	0	15538	14	7	深渊
408	51	1718878757	0	15552	18	15	询问之地
409	52	1718878758	0	15552	18	39	询问之地
410	53	1718878758	0	15557	16	18	询问之地
411	54	1718878759	0	15557	10	18	询问之地
412	55	1718878760	0	15558	16	18	询问之地
413	56	1718878760	0	15558	10	18	询问之地
414	57	1718878761	0	15548	16	18	询问之地
415	58	1718878762	0	15548	10	18	询问之地
416	59	1718878762	0	15550	16	18	询问之地
417	60	1718878763	0	15550	10	18	询问之地
418	61	1718878764	0	15549	16	18	询问之地
419	62	1718878764	0	15549	10	18	询问之地
420	63	1718878765	0	15559	16	18	询问之地
421	64	1718878766	0	15559	10	18	询问之地
422	65	1718878766	0	15553	16	18	询问之地
423	66	1718878767	0	15553	13	18	询问之地
424	67	1718878767	0	15553	10	18	询问之地
425	68	1718878768	0	15560	16	18	询问之地
426	69	1718878769	0	15560	10	18	询问之地
600	70	1718878769	0	36003	17	4	布朗山
601	71	1718878769	0	36001	58	21	布朗山
602	72	1718893170	0	37010	36	30	地下水脉
603	73	1718878771	0	36003	12	2	布朗山
604	74	1718873372	0	35000	13	34	地下遗迹
605	75	1718878772	0	34017	9	6	大树
700	76	1718878774	0	33223	23	16	无人的洞窟
701	77	1718878775	0	33224	23	16	无人的洞窟
702	78	1718878776	0	33225	23	16	无人的洞窟
703	79	1718878777	0	34004	9	4	时波之祠
704	80	1718878777	0	33000	290	436	深绿的山道
705	81	1718878778	0	47000	11	6	头目的～(略)
800	82	1718878778	0	47007	7	3	雷姆尔山
801	83	1718878778	0	47005	70	16	雷姆尔山
802	84	1718878779	0	47007	10	6	雷姆尔山
803	85	1718878780	0	47010	31	7	森之迷宫
804	86	1718878780	0	47011	29	11	森之迷宫
805	87	1718878780	0	47013	36	39	森之迷宫
806	88	1718878780	0	47014	11	35	森之迷宫
807	89	1718878781	0	43000	418	249	诅咒者之洞窟
902	94	1718871584	0	46030	33	4	秘密通道
809	91	1718878783	0	43000	356	619	诅咒者之洞窟
900	92	1718871583	0	46030	21	4	秘密通道
901	93	1718871583	0	46030	5	7	秘密通道
903	95	1718871584	0	46030	25	8	秘密通道
904	96	1718871584	0	46030	25	8	秘密通道
905	97	1718871584	0	46030	30	7	秘密通道
906	98	1718878785	0	46045	15	8	魔导研究塔
907	99	1718875186	0	43981	40	39	麦尼洞窟
908	100	1718876987	0	46055	14	12	岛之洞窟
909	101	1718877287	0	46056	47	4	岛之洞窟
911	102	1718878788	0	59715	233	116	梦魔的迷宫
912	103	1718871588	0	59503	202	266	虫洞
913	104	1718882389	0	59503	72	166	羽音洞窟
922	105	1718871589	0	59714	122	69	海底墓场外苑
923	106	1718878789	0	59716	166	141	四昏神的领域
924	107	1718878790	0	59715	315	213	深草绿洞
925	108	1718878791	0	59715	123	104	怨灵洞窟
936	109	1718893191	0	59750	52	159	白之练兵场
937	110	1718893192	0	59750	52	162	白之练兵场
938	111	1718893192	0	59750	55	164	白之练兵场
939	112	1718893193	0	59750	59	164	白之练兵场
940	113	1718907593	0	59750	130	77	机密实验场
941	114	1718907593	0	59750	162	109	机密实验场
942	115	1718907594	0	59750	208	305	机密实验场
943	116	1718907594	0	59750	241	338	机密实验场
944	117	1718885994	0	59714	79	125	心伤者的避难所
947	118	1718875195	0	59752	208	306	蓝星的考验
948	119	1718875197	0	59752	241	339	红星的考验
949	120	1718893199	0	59752	140	77	秘密回廊
945	121	1718871599	0	59750	84	268	冒险庭园
946	122	1718871599	0	59753	59	181	流沙骨洞
950	123	1718875200	0	59933	100	95	黑迷宫
951	124	1718878802	0	59988	203	14	通往顶层的阶梯
3004	128	1718878805	0	30326	21	18	时间
3002	126	1718871604	0	32511	17	27	里欧波多洞窟
3003	127	1718878805	0	32505	9	27	利利可洞窟
3005	129	1718893205	0	30314	23	23	边境走廊
3008	132	1718893208	0	32531	9	3	贝力斯遗迹
3007	131	1718878806	0	30192	37	27	马斯的内心世界
3009	133	1718875208	0	32629	54	7	宝箱洞窟
4006	134	1718878808	0	32378	65	93	迷宫地狱
4007	135	1718878808	0	32378	79	66	迷宫地狱
4008	136	1718878809	0	32378	80	72	迷宫地狱
4009	137	1718878809	0	32378	27	93	迷宫地狱
4010	138	1718878809	0	32378	29	92	迷宫地狱
4011	139	1718878809	0	32378	63	86	迷宫地狱
4012	140	1718878809	0	32378	39	84	迷宫地狱
4013	141	1718878809	0	32378	9	63	迷宫地狱
4014	142	1718878809	0	32378	9	83	迷宫地狱
4015	143	1718878809	0	32378	19	66	迷宫地狱
4016	144	1718878810	0	32378	42	76	迷宫地狱
4017	145	1718878810	0	32378	32	77	迷宫地狱
4029	157	1718878812	0	32378	42	47	迷宫地狱
4019	147	1718878810	0	32378	38	63	迷宫地狱
4020	148	1718878810	0	32378	56	74	迷宫地狱
4021	149	1718878810	0	32378	71	65	迷宫地狱
4022	150	1718878811	0	32378	71	74	迷宫地狱
4023	151	1718878811	0	32378	71	78	迷宫地狱
4024	152	1718878811	0	32378	61	47	迷宫地狱
4025	153	1718878811	0	32378	77	47	迷宫地狱
4026	154	1718878811	0	32378	82	48	迷宫地狱
4036	164	1718878813	0	32378	8	27	迷宫地狱
4052	180	1718878815	0	32378	98	21	迷宫地狱
4030	158	1718878812	0	32378	7	50	迷宫地狱
4031	159	1718878812	0	32378	15	49	迷宫地狱
4032	160	1718878812	0	32378	18	48	迷宫地狱
4033	161	1718878812	0	32378	7	36	迷宫地狱
4034	162	1718878812	0	32378	18	19	迷宫地狱
4035	163	1718878812	0	32378	19	25	迷宫地狱
4038	166	1718878813	0	32378	17	10	迷宫地狱
4039	167	1718878813	0	32378	29	17	迷宫地狱
4040	168	1718878813	0	32378	40	35	迷宫地狱
4056	184	1718878817	0	32201	71	313	冰之神殿
4042	170	1718878813	0	32378	33	8	迷宫地狱
4043	171	1718878814	0	32378	61	10	迷宫地狱
4044	172	1718878814	0	32378	50	19	迷宫地狱
4045	173	1718878814	0	32378	60	34	迷宫地狱
4046	174	1718878814	0	32378	63	18	迷宫地狱
4047	175	1718878814	0	32378	66	35	迷宫地狱
4055	183	1718878816	0	32208	30	36	商城阁楼
4057	185	1718878818	0	32202	13	10	火炎之谷
4050	178	1718878814	0	32378	84	25	迷宫地狱
4051	179	1718878815	0	32378	92	19	迷宫地狱
4054	182	1718878815	0	32378	92	25	迷宫地狱
4058	186	1718878820	0	32200	9	7	砂之塔
4059	187	1718878821	0	30001	440	482	殷红的山谷
4060	188	1718878823	0	32217	67	28	彩叶原
4061	189	1718878826	0	32204	11	6	墓道
4062	190	1718886028	0	32243	16	7	魔族领域
4063	191	1718886031	0	32244	34	20	魔族通道
4064	192	1718878832	0	32088	7	3	书屋地下
4065	193	1718878832	0	32100	110	74	障碍赛迷宫
4067	194	1718871633	0	32103	23	16	海贼宝窟
4068	195	1718871633	0	32102	23	14	海贼宝窟
4069	196	1718893234	0	32092	11	3	杜瓦之塔
4070	197	1718893234	0	32091	11	3	艾汀之塔
4071	198	1718893235	0	32093	11	3	诺利之塔
4072	199	1718878835	0	31910	21	5	地下室
4073	200	1718878836	0	31914	16	12	水之廊
4074	201	1718893237	0	30001	429	156	雪之谷
4075	202	1718875237	0	32106	21	17	巴别塔
4076	203	1718878838	0	32106	21	19	巴别塔
4077	204	1718875238	0	32106	17	23	巴别塔
4078	205	1718878839	0	32107	15	15	巴别塔
4079	206	1718875239	0	32109	14	3	巴别塔
4080	207	1718875240	0	32110	15	26	巴别塔
4081	208	1718878840	0	32110	29	24	巴别塔
4082	209	1718875240	0	32110	32	17	巴别塔
4083	210	1718878841	0	32111	15	15	巴别塔
4084	211	1718878841	0	32112	27	18	巴别塔
4085	212	1718875242	0	32112	33	24	巴别塔
4086	213	1718886044	0	32105	7	3	巴别塔
4087	214	1718878845	0	32121	10	4	地精灵领域
4090	217	1718878849	0	32121	4	4	风精灵领域
4089	216	1718878847	0	32121	5	8	火精灵领域
4091	218	1718878849	0	32139	35	11	时之塔
4092	219	1718878850	0	32140	20	26	时之塔
4093	220	1718878850	0	32141	38	29	时之塔
4095	221	1718878851	0	32149	18	11	青莲之路
4094	222	1718878853	0	32149	44	29	红莲之路
4096	223	1718878853	0	32276	169	132	无名之森
4097	224	1718878854	0	32151	17	10	飞羽之塔
4098	225	1718878854	0	32184	8	5	鸢之塔
4099	226	1718878855	0	32187	8	7	菇之屋
4100	227	1718878855	0	31994	17	17	通往湖心的洞窟
4104	231	1718878858	0	31809	22	14	朝日山
4102	229	1718878856	0	31805	16	12	精灵之谷
4103	230	1718878857	0	31808	12	12	旭日山
32304	232	1718871658	0	32030	12	6	万缕相思结晶路
32305	233	1718878859	0	32045	24	13	冰封的酒窖迷宫
32306	234	1718871659	0	32059	15	11	沉封之窟
32307	235	1718871660	0	32066	98	76	绝望古井
32308	236	1718878861	0	32341	11	9	冰封之谷
32310	237	1718878862	0	59714	69	111	贝勒森林　外城
32311	238	1718871662	0	59717	140	71	贝勒森林　火之领域
32312	239	1718871662	0	59717	147	86	贝勒森林　水之领域
32313	240	1718871663	0	59717	183	21	贝勒森林　土之领域
32314	241	1718878863	0	59717	199	108	贝勒森林　本城
32315	242	1718871664	0	59717	262	320	贝勒森林　本城
9	243	1718871664	0	15542	10	8	水之洞窟
0	245	1718875265	0	100	664	131	岛
102	244	1718875265	0	100	664	131	谜之迷宫
3001	262	1718869873	0	32501	18	22	睿奇洞窟
808	247	1718878867	0	43000	580	531	诅咒者之洞窟
3006	249	1718893268	0	30319	23	23	边境走廊
4018	250	1718878868	0	32378	26	64	迷宫地狱
4027	251	1718878868	0	32378	25	45	迷宫地狱
4028	252	1718878868	0	32378	33	36	迷宫地狱
4037	253	1718878868	0	32378	9	11	迷宫地狱
4041	254	1718878869	0	32378	40	21	迷宫地狱
4048	255	1718878869	0	32378	90	10	迷宫地狱
4049	256	1718878869	0	32378	74	27	迷宫地狱
4053	257	1718878869	0	32378	99	40	迷宫地狱
4088	258	1718878870	0	32121	8	9	水精灵领域
4101	259	1718878871	0	31802	14	12	通路
103	260	1718878872	0	100	437	308	哥布林之家
